(46,363)
(-315,394)
(-477,55)
(-401,-332)
(-36,-377)
(403,-511)
(416,-48)
(321,267)
(59,-1184)
(499,-1059)
(895,-813)
(1087,-386)
(1249,52)
(1264,588)
(900,995)
(397,1109)
(-50,1212)
(-550,1177)
(-911,838)
(-1124,403)
(-1217,-57)
(-1093,-511)
(-922,-1001)
(-397,-1092)
(727,-1900)
(1258,-1795)
(1593,-1399)
(1955,-1010)
(1964,-478)
(1948,14)
(2072,524)
(1826,962)
(1501,1345)
(1224,1798)
(769,2045)
(225,1880)
(-260,2033)
(-757,1973)
(-1216,1748)
(-1605,1410)
(-1848,964)
(-2112,510)
(-2197,-7)
(-1842,-459)
(-1884,-1000)
(-1476,-1321)
(-1180,-1730)
(-745,-1988)
(-221,-1921)
(255,-2011)
(2325,1497)
(1549,2353)
(471,2928)
(-696,2654)
(-1816,2260)
(-2577,1323)
(-2962,174)
(-2532,-956)
(-1984,-1957)
(-978,-2517)
(130,-2766)
(1290,-2577)
(2271,-1850)
(2631,-710)
(-454,47)
(-342,416)
(-54,-391)
(-401,-358)
(6,363)
(425,-490)
(349,253)
(27,-1203)
(441,-47)
(1080,-431)
(475,-1076)
(866,-821)
(1249,7)
(1230,601)
(402,1146)
(925,1035)
(-872,838)
(-72,1253)
(-584,1156)
(-1094,406)
(-1129,-518)
(-1198,-42)
(-897,-981)
(1961,-975)
(-414,-1118)
(755,-1886)
(1561,-1401)
(1273,-1773)
(1990,-3)
(1934,-500)
(1789,945)
(1232,1840)
(2026,513)
(739,2036)
(1480,1355)
(261,1887)
(-1190,1738)
(-779,1993)
(-237,2055)
(-2156,-29)
(-1644,1410)
(-2135,510)
(-1831,985)
(-1857,-477)
(-1509,-1324)
(-1902,-1016)
(-748,-1956)
(-1186,-1755)
(270,-1990)
(497,2937)
(2368,1476)
(-2552,1350)
(1581,2326)
(-206,-1881)
(-722,2638)
(-1798,2243)
(-2989,213)
(-2006,-1965)
(-2514,-995)
(1287,-2549)
(-963,-2478)
(2665,-738)
(2295,-1867)
(157,-2767)
(-495,39)
(-283,406)
(67,398)
(-423,-318)
(-39,-354)
(409,-541)
(295,250)
(59,-1146)
(405,-71)
(496,-1030)
(1209,74)
(902,-783)
(1052,-358)
(1293,610)
(426,1086)
(922,953)
(-4,1211)
(-1081,-477)
(-931,804)
(-551,1217)
(-1214,-81)
(-1136,375)
(-917,-1033)
(-411,-1064)
(1982,-1033)
(725,-1931)
(1269,-1819)
(1960,-441)
(1607,-1370)
(1912,-14)
(1829,1002)
(1520,1358)
(2085,570)
(-253,2001)
(1256,1770)
(213,1846)
(-1238,1731)
(775,2076)
(-1839,938)
(-1850,-437)
(-729,1982)
(-2236,-31)
(-1585,1444)
(-2101,530)
(-1889,-976)
(-1463,-1290)
(-1198,-1712)
(-715,-2001)
(466,2901)
(-194,-1954)
(265,-2034)
(2286,1471)
(1509,2339)
(-697,2684)
(-2566,1287)
(-2915,178)
(-1981,-1934)
(-1839,2253)
(-2575,-953)
(-952,-2549)
(1316,-2588)
(115,-2789)
(2589,-726)
(-320,360)
(2244,-1862)
(65,328)
(-481,79)
(-378,-320)
(374,-502)
(-14,-385)
(402,-27)
(319,298)
(91,-1203)
(526,-1071)
(1269,552)
(1129,-370)
(1288,75)
(917,-834)
(362,1096)
(853,996)
(-74,1173)
(-1069,-538)
(-514,1158)
(-1142,427)
(-930,872)
(-1240,-48)
(-952,-990)
(-366,-1093)
(701,-1883)
(1232,-1793)
(1922,-1022)
(1611,-1426)
(1942,59)
(1998,-492)
(1859,939)
(2105,490)
(792,2024)
(1184,1785)
(1502,1322)
(201,1907)
(-1220,1776)
(-291,2042)
(-2198,39)
(-763,1944)
(-1586,1376)
(-2100,490)
(-1875,968)
(-1819,-462)
(-1861,-1007)
(-1457,-1348)
(-1156,-1723)
(230,-2009)
(-771,-2007)
(-263,-1927)
(2322,1544)
(450,2946)
(-2614,1331)
(1556,2395)
(-2982,131)
(-1811,2284)
(-669,2640)
(-2507,-920)
(-1966,-1971)
(1267,-2594)
(-1019,-2523)
(2638,-666)
(118,-2742)
(2274,-1821)